4 0.8491379310344828 0.8225574712643677 0.1867816091954023 0.15660919540229887
4 0.5617816091954023 0.21767241379310356 0.23563218390804594 0.2916666666666666
4 0.4224137931034483 0.43893678160919547 0.22126436781609193 0.27729885057471265
4 0.29382183908045983 0.6343390804597702 0.18534482758620682 0.2543103448275862
4 0.45330459770114934 0.7456896551724138 0.18534482758620696 0.20114942528735635
4 0.5833333333333333 0.5869252873563219 0.19827586206896547 0.2227011494252874
4 0.7435344827586208 0.3929597701149426 0.23706896551724138 0.2801724137931034
4 0.5905172413793104 0.8512931034482758 0.16091954022988503 0.2083333333333333
4 0.8735632183908046 0.5668103448275864 0.2011494252873562 0.254310344827586
4 0.7255747126436785 0.7147988505747129 0.18390804597701085 0.22557471264367768
4 0.7737068965517241 0.8333333333333333 0.09051724137931036 0.011494252873563227
