4 0.08979885057471265 0.21048850574712646 0.16235632183908044 0.24856321839080459
4 0.33548850574712646 0.4597701149425288 0.21408045977011497 0.2557471264367816
4 0.4058908045977011 0.7198275862068965 0.21120689655172417 0.264367816091954
4 0.6350574712643677 0.7277298850574713 0.19540229885057464 0.27155172413793105
4 0.8886494252873562 0.7291666666666667 0.19683908045977005 0.2772988505747126
4 0.862787356321839 0.4331896551724138 0.21408045977011483 0.2255747126436782
4 0.6091954022988506 0.456896551724138 0.22126436781609204 0.24137931034482754
4 0.5545977011494252 0.19468390804597704 0.20114942528735624 0.23132183908045978
4 0.8556034482758621 0.173132183908046 0.20833333333333343 0.2456896551724138
4 0.09051724137931036 0.47844827586206895 0.16091954022988506 0.25
4 0.07112068965517242 0.7557471264367817 0.13649425287356323 0.2672413793103449
