3 0.8448275862068965 0.3060344827586203 0.2988505747126437 0.18103448275862083
3 0.723419540229885 0.44396551724137934 0.2514367816091954 0.14655172413793102
3 0.6364942528735632 0.5158045977011494 0.1925287356321839 0.1436781609195402
3 0.5876436781609196 0.5969827586206897 0.1666666666666667 0.11350574712643677
3 0.5438218390804598 0.6458333333333334 0.16235632183908044 0.1077586206896552
3 0.4913793103448283 0.6810344827586207 0.1522988505747125 0.09195402298850584
3 0.4181034482758629 0.719109195402299 0.1752873563218385 0.08477011494252858
3 0.6156609195402298 0.22988505747126417 0.2543103448275862 0.25862068965517254
3 0.4418103448275871 0.4073275862068968 0.18821839080459757 0.1853448275862064
3 0.34554597701149437 0.5545977011494253 0.139367816091954 0.11781609195402297
3 0.27801724137931094 0.6659482758620692 0.13362068965517218 0.09626436781609202
3 0.1027298850574713 0.6307471264367815 0.17097701149425276 0.09195402298850575
3 0.14152298850574657 0.5689655172413797 0.17385057471264445 0.09195402298850656
3 0.16163793103448257 0.49425287356321873 0.22557471264367837 0.10919540229885136
3 0.20114942528735638 0.3764367816091953 0.2758620689655173 0.1695402298850575
3 0.26795977011494276 0.270114942528736 0.38074712643678227 0.1580459770114944
3 0.35344827586206906 0.1070402298850576 0.40804597701149414 0.19396551724137923
