4 0.7392241379310345 0.2406609195402299 0.23994252873563218 0.31465517241379315
4 0.7499999999999998 0.5725574712643678 0.21839080459770116 0.2715517241379311
4 0.7579022988505747 0.8635057471264368 0.21982758620689652 0.2586206896551724
4 0.49066091954022983 0.2500000000000001 0.22844827586206903 0.3132183908045977
4 0.5028735632183908 0.5783045977011492 0.21551724137931033 0.2830459770114942
4 0.5158045977011494 0.8635057471264368 0.1954022988505747 0.27011494252873575
4 0.2557471264367816 0.24856321839080459 0.21839080459770102 0.29310344827586204
4 0.07040229885057461 0.2729885057471264 0.1293103448275862 0.3045977011494252
4 0.26149425287356315 0.5783045977011494 0.22988505747126425 0.2801724137931035
4 0.26652298850574724 0.8721264367816092 0.22557471264367807 0.24712643678160917
4 0.06537356321838875 0.5826149425287359 0.12212643678160916 0.2916666666666666
4 0.06968390804597711 0.8742816091954022 0.13362068965517238 0.24281609195402296
