3 0.29454022988505746 0.5395114942528736 0.14080459770114942 0.2255747126436782
3 0.38002873563218387 0.6544540229885059 0.18247126436781605 0.1508620689655173
3 0.456896551724138 0.5179597701149425 0.13218390804597696 0.18821839080459768
3 0.596264367816092 0.4626436781609195 0.14942528735632188 0.12931034482758613
3 0.6070402298850575 0.5905172413793103 0.17385057471264376 0.14080459770114942
3 0.790948275862069 0.5445402298850575 0.1623563218390804 0.1724137931034484
3 0.7306034482758625 0.6939655172413791 0.18821839080459724 0.15517241379310373
3 0.6810344827586207 0.836925287356322 0.21839080459770085 0.19683908045976994
3 0.4956896551724138 0.7880747126436782 0.19540229885057464 0.2255747126436782
3 0.16235632183908044 0.6989942528735632 0.1925287356321839 0.25143678160919536
