3 0.1530172413793104 0.6961206896551724 0.16235632183908053 0.2543103448275862
3 0.06824712643678245 0.5682471264367814 0.1278735632183908 0.21695402298850575
3 0.23419540229888608 0.4885057471264383 0.16666666666666663 0.28160919540229906
3 0.25502873563218387 0.17600574712643668 0.14224137931034483 0.24281609195402296
3 0.08405172413793097 0.10919540229885057 0.1451149425287356 0.1954022988505747
3 0.15014367816091984 0.32327586206896564 0.1278735632183908 0.24137931034482762
3 0.054597701149424825 0.33908045977011464 0.10632183908045975 0.20689655172413793
3 0.5624999999999999 0.3534482758620691 0.1853448275862069 0.2902298850574712
3 0.7816091954022981 0.5876436781609193 0.17816091954022995 0.28735632183908044
3 0.7291666666666664 0.34267241379310365 0.17672413793103445 0.26867816091954017
3 0.4748563218390804 0.28376436781609216 0.1652298850574713 0.2313218390804598
