3 0.7859195402298852 0.3060344827586208 0.1839080459770115 0.13793103448275862
3 0.7801724137931034 0.048132183908045884 0.1695402298850575 0.09626436781609195
3 0.951867816091954 0.9303160919540229 0.09626436781609195 0.13074712643678169
3 0.8606321839080447 0.395114942528736 0.1264367816091954 0.1149425287356322
3 0.881465517241369 0.5114942528735629 0.11063218390804597 0.12068965517241388
3 0.8132183908045896 0.4640804597701159 0.14942528735632182 0.15229885057471257
3 0.6436781609195404 0.45833333333333315 0.18103448275862066 0.1954022988505747
3 0.6494252873563219 0.637212643678161 0.13793103448275865 0.17672413793103436
3 0.7995689655172412 0.7837643678160917 0.17672413793103448 0.125
3 0.4870689655172414 0.693247126436782 0.14942528735632188 0.17959770114942522
3 0.46767241379310354 0.4762931034482759 0.15373563218390807 0.20833333333333337
3 0.6106321839080462 0.28232758620689646 0.1666666666666664 0.13649425287356315
3 0.4102011494252874 0.30244252873563227 0.19396551724137936 0.1422413793103448
3 0.27298850574712663 0.29741379310344823 0.16379310344827608 0.17816091954022983
3 0.3943965517241378 0.4008620689655172 0.17097701149425273 0.14080459770114923
