3 0.3441091954022987 0.6946839080459772 0.24568965517241378 0.19683908045977014
3 0.26795977011494193 0.5833333333333336 0.23706896551724135 0.1752873563218391
3 0.20258620689657122 0.481321839080461 0.24137931034482762 0.1695402298850575
3 0.1264367816091952 0.4051724137931035 0.21839080459770113 0.14080459770114934
3 0.19971264367816055 0.8814655172413796 0.278735632183908 0.2025862068965517
3 0.12500000000000028 0.7593390804597699 0.2097701149425287 0.15373563218390807
3 0.4612068965517242 0.8060344827586207 0.2155172413793104 0.19827586206896547
3 0.5452586206896554 0.9202586206896554 0.21982758620689657 0.15948275862068967
3 0.7758620689655173 0.8642241379310345 0.2729885057471263 0.19683908045977003
3 0.6839080459770117 0.7306034482758622 0.27011494252873497 0.2341954022988505
3 0.5668103448275861 0.613505747126437 0.28591954022988525 0.20689655172413837
3 0.8563218390804572 0.5323275862068962 0.2614942528735632 0.20833333333333343
3 0.7334770114942478 0.45833333333333426 0.30316091954022933 0.21264367816091975
3 0.7744252873563218 0.16594827586206912 0.25287356321839083 0.2054597701149426
3 0.8778735632183912 0.23778735632183903 0.23563218390804594 0.20545977011494243
3 0.5510057471264368 0.24856321839080478 0.26005747126436773 0.20402298850574696
3 0.6314655172413793 0.34698275862068967 0.26293103448275873 0.18821839080459768
3 0.48850574712647293 0.4964080459770227 0.22988505747126425 0.20258620689655202
3 0.23347701149425276 0.21839080459770113 0.22557471264367812 0.1436781609195401
3 0.30459770114942525 0.31609195402298873 0.22701149425287384 0.18678160919540276
3 0.40589080459770094 0.38721264367816083 0.22844827586206912 0.16810344827586227
3 0.35775862068965525 0.05316091954023004 0.24137931034482754 0.09482758620689628
3 0.46623563218390796 0.11494252873563211 0.23994252873563218 0.21551724137931016
