3 0.46048850574712646 0.29454022988505757 0.2255747126436782 0.14080459770114942
3 0.3455459770114942 0.3800287356321838 0.1508620689655173 0.18247126436781605
3 0.48204022988505724 0.4568965517241376 0.18821839080459768 0.13218390804597696
3 0.5373563218390804 0.5962643678160918 0.12931034482758613 0.14942528735632188
3 0.40948275862068967 0.6070402298850575 0.14080459770114942 0.17385057471264376
3 0.4554597701149426 0.7909482758620692 0.1724137931034484 0.1623563218390804
3 0.30603448275862066 0.7306034482758628 0.15517241379310373 0.18821839080459724
3 0.1630747126436774 0.681034482758621 0.19683908045976994 0.21839080459770085
3 0.21192528735566496 0.49568965517240393 0.2255747126436782 0.19540229885057464
3 0.30100574712643674 0.16235632183908047 0.25143678160919536 0.1925287356321839
