3 0.8168103448275863 0.27945402298850575 0.13936781609195406 0.30603448275862066
3 0.7636494252684136 0.49928160919545395 0.1307471264367816 0.21408045977011497
3 0.7104885057471264 0.2959770114942528 0.0646551724137931 0.19252873563218395
3 0.6501436781609202 0.43606321839080414 0.16522988505747133 0.30603448275862066
3 0.6063218390804597 0.22988505747126436 0.1436781609195402 0.23275862068965517
3 0.0 0.673132183908046 0.16666666666666663 0.28879310344827586
3 0.3757183908045948 0.52514367816092 0.21120689655172453 0.3146551724137931
3 0.37643678160919525 0.8081896551724139 0.14367816091953975 0.27729885057471254
3 0.6673850574712648 0.7406609195402286 0.19396551724137884 0.2974137931034479
3 0.49640804597701127 0.7241379310344832 0.1795977011494256 0.34195402298850586
