3 0.6961206896551724 0.8469827586206897 0.2543103448275862 0.16235632183908053
3 0.5682471264367815 0.9317528735632183 0.21695402298850575 0.1278735632183908
3 0.4885057471264368 0.7658045977011494 0.28160919540229906 0.16666666666666663
3 0.17600574712643677 0.7449712643678161 0.24281609195402296 0.14224137931034483
3 0.10919540229885065 0.9159482758620691 0.1954022988505747 0.1451149425287356
3 0.32327586206896547 0.8498563218390804 0.24137931034482762 0.1278735632183908
3 0.3390804597701148 0.9454022988505747 0.20689655172413793 0.10632183908045975
3 0.35344827586206906 0.4375 0.2902298850574712 0.1853448275862069
3 0.5876436781609196 0.21839080459770122 0.28735632183908044 0.17816091954022995
3 0.34267241379310354 0.2708333333333335 0.26867816091954017 0.17672413793103445
3 0.28376436781609204 0.5251436781609196 0.2313218390804598 0.1652298850574713
