5 0.8649425287356323 0.8110632183908045 0.23850574712643677 0.29454022988505746
5 0.6206896551724138 0.8125 0.22988505747126436 0.31465517241379315
5 0.3778735632183907 0.8096264367816092 0.2241379310344827 0.3175287356321839
5 0.13936781609195403 0.8182471264367817 0.22701149425287354 0.3117816091954023
5 0.862787356321839 0.49712643678160917 0.242816091954023 0.2988505747126437
5 0.8663793103448276 0.17744252873563227 0.23275862068965517 0.29166666666666674
5 0.6120689655172414 0.4920977011494253 0.23275862068965517 0.30603448275862066
5 0.6156609195402298 0.1709770114942529 0.23994252873563215 0.29310344827586193
5 0.37212643678160917 0.48563218390804597 0.22701149425287354 0.3017241379310345
5 0.13146551724137936 0.492816091954023 0.22270114942528735 0.3074712643678161
5 0.37284482758620696 0.17456896551724146 0.22270114942528724 0.30028735632183906
5 0.1278735632183908 0.17528735632183903 0.22701149425287354 0.3132183908045977
