3 0.8692528735632183 0.5538793103448276 0.1954022988505747 0.12787356321839083
3 0.6645114942528736 0.627155172413793 0.21120689655172417 0.11063218390804593
3 0.35344827586206906 0.5035919540229885 0.24712643678160923 0.14224137931034483
3 0.4066091954022988 0.6645114942528736 0.21264367816091956 0.10488505747126439
3 0.13936781609195403 0.5502873563218391 0.2471264367816093 0.16091954022988503
3 0.591235632183908 0.42744252873563227 0.25431034482758624 0.17097701149425285
3 0.3635057471264368 0.36637931034482757 0.2787356321839081 0.1465517241379311
3 0.125 0.3936781609195402 0.23275862068965522 0.14655172413793102
3 0.8484195402298852 0.25646551724137934 0.27729885057471265 0.1508620689655173
3 0.7665229885057471 0.5028735632183908 0.21695402298850575 0.1637931034482758
