3 0.21408045977011483 0.6939655172413794 0.1839080459770115 0.13793103448275862
3 0.21982758620689652 0.951867816091954 0.1695402298850575 0.09626436781609195
3 0.04813218390804604 0.06968390804597718 0.09626436781609195 0.13074712643678169
3 0.13936781609195603 0.6048850574712638 0.1264367816091954 0.1149425287356322
3 0.1185344827586341 0.48850574712643713 0.11063218390804597 0.12068965517241388
3 0.1867816091954114 0.535919540229884 0.14942528735632182 0.15229885057471257
3 0.3563218390804591 0.541666666666667 0.18103448275862066 0.1954022988505747
3 0.3505747126436781 0.36278735632183906 0.13793103448275865 0.17672413793103436
3 0.20043103448275867 0.2162356321839082 0.17672413793103448 0.125
3 0.5129310344827586 0.3067528735632181 0.14942528735632188 0.17959770114942522
3 0.5323275862068965 0.5237068965517241 0.15373563218390807 0.20833333333333337
3 0.389367816091954 0.7176724137931035 0.1666666666666664 0.13649425287356315
3 0.5897988505747125 0.6975574712643676 0.19396551724137936 0.1422413793103448
3 0.7270114942528733 0.7025862068965517 0.16379310344827608 0.17816091954022983
3 0.6056034482758623 0.5991379310344829 0.17097701149425273 0.14080459770114923
