4 0.26077586206896564 0.7593390804597699 0.23994252873563218 0.31465517241379315
4 0.24999999999999994 0.42744252873563215 0.21839080459770116 0.2715517241379311
4 0.24209770114942533 0.1364942528735632 0.21982758620689652 0.2586206896551724
4 0.5093390804597702 0.7499999999999998 0.22844827586206903 0.3132183908045977
4 0.49712643678160917 0.42169540229885083 0.21551724137931033 0.2830459770114942
4 0.48419540229885066 0.13649425287356315 0.1954022988505747 0.27011494252873575
4 0.7442528735632183 0.7514367816091954 0.21839080459770102 0.29310344827586204
4 0.9295977011494252 0.7270114942528735 0.1293103448275862 0.3045977011494252
4 0.7385057471264371 0.42169540229885055 0.22988505747126425 0.2801724137931035
4 0.7334770114942529 0.12787356321839072 0.22557471264367807 0.24712643678160917
4 0.9346264367816106 0.4173850574712642 0.12212643678160916 0.2916666666666666
4 0.9303160919540229 0.12571839080459773 0.13362068965517238 0.24281609195402296
