3 0.7370689655172412 0.346264367816092 0.2097701149425287 0.3017241379310345
3 0.6264367816091952 0.1551724137931035 0.15229885057471282 0.24712643678160937
3 0.49784482758620685 0.31106321839080475 0.23706896551724135 0.2830459770114943
3 0.320402298850575 0.3469827586206895 0.19827586206896552 0.3491379310344825
3 0.32614942528735635 0.1860632183908045 0.005747126436781542 0.018678160919540224
3 0.23347701149425287 0.5955459770114949 0.18821839080459807 0.30890804597701194
3 0.23922413793103464 0.8541666666666664 0.1997126436781609 0.27155172413793094
3 0.8606321839076703 0.5079022988505664 0.20114942528735633 0.2255747126436782
3 0.8089080459770116 0.7205459770114946 0.12068965517241383 0.22844827586206898
3 0.5244252873563218 0.0998563218390806 0.24137931034482754 0.1795977011494253
