3 0.7205459770114943 0.8168103448275861 0.30603448275862066 0.13936781609195406
3 0.5007183908045977 0.7636494252873562 0.21408045977011497 0.1307471264367816
3 0.7040229885057471 0.7104885057471264 0.19252873563218395 0.0646551724137931
3 0.5639367816091955 0.6501436781609196 0.30603448275862066 0.16522988505747133
3 0.7701149425287357 0.6063218390804597 0.23275862068965517 0.1436781609195402
3 0.673132183908046 0.0 0.28879310344827586 0.16666666666666663
3 0.47485632183908055 0.37571839080459757 0.3146551724137931 0.21120689655172453
3 0.19181034482758613 0.37643678160919525 0.27729885057471254 0.14367816091953975
3 0.2593390804597715 0.6673850574712645 0.2974137931034479 0.19396551724137884
3 0.27586206896551674 0.49640804597701127 0.34195402298850586 0.1795977011494256
