3 0.5538793103448275 0.13074712643678163 0.12787356321839083 0.1954022988505747
3 0.627155172413793 0.33548850574712646 0.11063218390804593 0.21120689655172417
3 0.5035919540229885 0.6465517241379309 0.14224137931034483 0.24712643678160923
3 0.6645114942528735 0.5933908045977011 0.10488505747126439 0.21264367816091956
3 0.550287356321839 0.860632183908046 0.16091954022988503 0.2471264367816093
3 0.42744252873563227 0.40876436781609204 0.17097701149425285 0.25431034482758624
3 0.36637931034482774 0.6364942528735631 0.1465517241379311 0.2787356321839081
3 0.3936781609195402 0.875 0.14655172413793102 0.23275862068965522
3 0.25646551724137934 0.15158045977011492 0.1508620689655173 0.27729885057471265
3 0.5028735632183908 0.23347701149425287 0.1637931034482758 0.21695402298850575
