4 0.17744252873563218 0.8491379310344828 0.15660919540229887 0.1867816091954023
4 0.7823275862068968 0.5617816091954024 0.2916666666666666 0.23563218390804594
4 0.5610632183908046 0.42241379310344823 0.27729885057471265 0.22126436781609193
4 0.36566091954022995 0.29382183908045995 0.2543103448275862 0.18534482758620682
4 0.25431034482758214 0.4533045977011486 0.20114942528735635 0.18534482758620696
4 0.4130747126436781 0.5833333333333333 0.2227011494252874 0.19827586206896547
4 0.6070402298850575 0.7435344827586209 0.2801724137931034 0.23706896551724138
4 0.1487068965517258 0.59051724137931 0.2083333333333333 0.16091954022988503
4 0.4331896551724136 0.8735632183908045 0.254310344827586 0.2011494252873562
4 0.28520114942528696 0.7255747126436785 0.22557471264367768 0.18390804597701085
4 0.16666666666666657 0.7737068965517242 0.011494252873563227 0.09051724137931036
