5 0.8110632183908045 0.13505747126436785 0.29454022988505746 0.23850574712643677
5 0.8125000000000002 0.3793103448275862 0.31465517241379315 0.22988505747126436
5 0.8096264367816088 0.6221264367816091 0.3175287356321839 0.2241379310344827
5 0.8182471264367817 0.860632183908046 0.3117816091954023 0.22701149425287354
5 0.4971264367816091 0.13721264367816088 0.2988505747126437 0.242816091954023
5 0.17744252873563235 0.13362068965517251 0.29166666666666674 0.23275862068965517
5 0.4920977011494253 0.38793103448275856 0.30603448275862066 0.23275862068965517
5 0.17097701149425254 0.38433908045977 0.29310344827586193 0.23994252873563215
5 0.48563218390804597 0.6278735632183907 0.3017241379310345 0.22701149425287354
5 0.492816091954023 0.8685344827586207 0.3074712643678161 0.22270114942528735
5 0.17456896551724096 0.6271551724137933 0.30028735632183906 0.22270114942528724
5 0.1752873563218391 0.8721264367816092 0.3132183908045977 0.22701149425287354
