3 0.27945402298850575 0.1831896551724138 0.30603448275862066 0.13936781609195406
3 0.4992816091954023 0.23635057471264367 0.21408045977011497 0.1307471264367816
3 0.2959770114942529 0.2895114942528736 0.19252873563218395 0.0646551724137931
3 0.43606321839080453 0.34985632183908044 0.30603448275862066 0.16522988505747133
3 0.22988505747126436 0.3936781609195403 0.23275862068965517 0.1436781609195402
3 0.326867816091954 0.5 0.28879310344827586 0.16666666666666663
3 0.5251436781609194 0.6242816091954024 0.3146551724137931 0.21120689655172453
3 0.8081896551724139 0.6235632183908048 0.27729885057471254 0.14367816091953975
3 0.7406609195402285 0.3326149425287354 0.2974137931034479 0.19396551724137884
3 0.7241379310344833 0.5035919540229887 0.34195402298850586 0.1795977011494256
