3 0.6558908045977013 0.3053160919540229 0.24568965517241378 0.19683908045977014
3 0.7320402298850579 0.4166666666666664 0.23706896551724135 0.1752873563218391
3 0.797413793103424 0.5186781609195388 0.24137931034482762 0.1695402298850575
3 0.8735632183908049 0.5948275862068965 0.21839080459770113 0.14080459770114934
3 0.800287356321839 0.1185344827586206 0.278735632183908 0.2025862068965517
3 0.8749999999999998 0.24066091954022997 0.2097701149425287 0.15373563218390807
3 0.538793103448276 0.19396551724137928 0.2155172413793104 0.19827586206896547
3 0.45474137931034475 0.07974137931034472 0.21982758620689657 0.15948275862068967
3 0.22413793103448265 0.1357758620689655 0.2729885057471263 0.19683908045977003
3 0.3160919540229884 0.2693965517241379 0.27011494252873497 0.2341954022988505
3 0.43318965517241387 0.386494252873563 0.28591954022988525 0.20689655172413837
3 0.14367816091954125 0.46767241379310354 0.2614942528735632 0.20833333333333343
3 0.2665229885057526 0.5416666666666656 0.30316091954022933 0.21264367816091975
3 0.22557471264367832 0.8340517241379309 0.25287356321839083 0.2054597701149426
3 0.12212643678160898 0.7622126436781611 0.23563218390804594 0.20545977011494243
3 0.4489942528735632 0.7514367816091952 0.26005747126436773 0.20402298850574696
3 0.3685344827586207 0.6530172413793103 0.26293103448275873 0.18821839080459768
3 0.5114942528735265 0.5035919540229771 0.22988505747126425 0.20258620689655202
3 0.7665229885057472 0.7816091954022989 0.22557471264367812 0.1436781609195401
3 0.6954022988505746 0.6839080459770112 0.22701149425287384 0.18678160919540276
3 0.594109195402299 0.6127873563218391 0.22844827586206912 0.16810344827586227
3 0.6422413793103448 0.9468390804597699 0.24137931034482754 0.09482758620689628
3 0.5337643678160919 0.8850574712643677 0.23994252873563218 0.21551724137931016
