3 0.7054597701149425 0.46048850574712646 0.14080459770114942 0.2255747126436782
3 0.6199712643678161 0.3455459770114942 0.18247126436781605 0.1508620689655173
3 0.543103448275862 0.4820402298850574 0.13218390804597696 0.18821839080459768
3 0.40373563218390796 0.5373563218390804 0.14942528735632188 0.12931034482758613
3 0.3929597701149426 0.40948275862068967 0.17385057471264376 0.14080459770114942
3 0.20905172413793105 0.4554597701149426 0.1623563218390804 0.1724137931034484
3 0.26939655172413746 0.3060344827586209 0.18821839080459724 0.15517241379310373
3 0.31896551724137934 0.16307471264367807 0.21839080459770085 0.19683908045976994
3 0.5043103448275862 0.21192528735632177 0.19540229885057464 0.2255747126436782
3 0.8376436781609196 0.3010057471264368 0.1925287356321839 0.25143678160919536
