4 0.7895114942528736 0.08979885057471271 0.24856321839080459 0.16235632183908044
4 0.5402298850574712 0.3354885057471267 0.2557471264367816 0.21408045977011497
4 0.28017241379310354 0.4058908045977011 0.264367816091954 0.21120689655172417
4 0.27227011494252873 0.6350574712643677 0.27155172413793105 0.19540229885057464
4 0.27083333333333337 0.8886494252873561 0.2772988505747126 0.19683908045977005
4 0.5668103448275862 0.8627873563218389 0.2255747126436782 0.21408045977011483
4 0.543103448275862 0.6091954022988507 0.24137931034482754 0.22126436781609204
4 0.8053160919540229 0.5545977011494251 0.23132183908045978 0.20114942528735624
4 0.8268678160919543 0.8556034482758623 0.2456896551724138 0.20833333333333343
4 0.521551724137931 0.09051724137931032 0.25 0.16091954022988506
4 0.2442528735632184 0.07112068965517242 0.2672413793103449 0.13649425287356323
