3 0.09410919540229849 0.7076149425287358 0.1623563218390805 0.18247126436781613
3 0.2636494252873562 0.7765804597701151 0.1795977011494253 0.21695402298850575
3 0.39295977011494254 0.7981321839080457 0.18534482758620688 0.19396551724137936
3 0.49928160919540243 0.6630747126436781 0.21982758620689627 0.21695402298850586
3 0.5316091954022988 0.32040229885057453 0.18965517241379304 0.2586206896551724
3 0.3908045977011493 0.09913793103448296 0.22126436781609227 0.18103448275862072
3 0.41163793103448276 0.2873563218390806 0.15373563218390807 0.20689655172413793
3 0.45186781609038296 0.4992816091953789 0.22557471264367826 0.1997126436781609
3 0.31752873563218376 0.635057471264368 0.1954022988505747 0.15517241379310331
3 0.33836206896551657 0.45114942528735613 0.18247126436781605 0.16091954022988503
3 0.2923850574712644 0.30316091954022995 0.1681034482758621 0.15804597701149434
3 0.21264367816091453 0.46767241379310304 0.1695402298850575 0.16522988505747116
3 0.1853448275862075 0.6285919540229883 0.18678160919540235 0.14224137931034478
3 0.16954022988505765 0.3017241379310346 0.1752873563218391 0.17241379310344832
3 0.18103448275862064 0.10775862068965514 0.19827586206896547 0.18103448275862064
