3 0.6084770114942529 0.8972701149425287 0.30316091954022995 0.1968390804597702
3 0.7765804597701148 0.7241379310344827 0.33189655172413796 0.20977011494252878
3 0.7054597701149424 0.5172413793103448 0.2614942528735632 0.18390804597701155
3 0.8570402298850575 0.3247126436781609 0.2658045977011494 0.1695402298850575
3 0.9260057471264368 0.5617816091954023 0.14511494252873575 0.18678160919540232
3 0.573994252873563 0.2772988505747127 0.2859195402298852 0.16091954022988517
3 0.3211206896551723 0.20114942528735633 0.2744252873563217 0.1724137931034483
3 0.43678160919540227 0.4310344827586207 0.24712643678160917 0.17241379310344826
3 0.4547413793103445 0.6077586206896549 0.3002873563218389 0.19827586206896503
3 0.7227011494252874 0.11709770114942528 0.26149425287356315 0.16810344827586207
3 0.9195402298850576 0.1795977011494253 0.16091954022988503 0.18103448275862072
3 0.09770114942528735 0.09698275862068967 0.1896551724137931 0.1853448275862069
3 0.16594827586206898 0.35201149425287354 0.27729885057471265 0.16954022988505751
3 0.14080459770114942 0.5359195402298851 0.27011494252873564 0.1839080459770115
3 0.29382183908045983 0.7823275862068965 0.3002873563218391 0.1997126436781609
3 0.06465517241379311 0.6824712643678167 0.1235632183908046 0.1896551724137931
3 0.49353448275862083 0.06106321839080457 0.2571839080459769 0.11925287356321836
