3 0.694683908045977 0.6558908045977011 0.19683908045977014 0.24568965517241378
3 0.5833333333333334 0.7320402298850575 0.1752873563218391 0.23706896551724135
3 0.4813218390804598 0.7974137931034482 0.1695402298850575 0.24137931034482762
3 0.40517241379310354 0.8735632183908045 0.14080459770114934 0.21839080459770113
3 0.8814655172413793 0.800287356321839 0.2025862068965517 0.278735632183908
3 0.75933908045977 0.875 0.15373563218390807 0.2097701149425287
3 0.8060344827586207 0.5387931034482759 0.19827586206896547 0.2155172413793104
3 0.9202586206896551 0.45474137931034475 0.15948275862068967 0.21982758620689657
3 0.8642241379310345 0.22413793103448265 0.19683908045977003 0.2729885057471263
3 0.7306034482758621 0.3160919540229884 0.2341954022988505 0.27011494252873497
3 0.6135057471264371 0.43318965517241387 0.20689655172413837 0.28591954022988525
3 0.5323275862068966 0.1436781609195405 0.20833333333333343 0.2614942528735632
3 0.45833333333333337 0.26652298850574707 0.21264367816091975 0.30316091954022933
3 0.16594827586206903 0.22557471264367823 0.2054597701149426 0.25287356321839083
3 0.23778735632183912 0.1221264367816092 0.20545977011494243 0.23563218390804594
3 0.2485632183908047 0.4489942528735632 0.20402298850574696 0.26005747126436773
3 0.34698275862068967 0.36853448275862066 0.18821839080459768 0.26293103448275873
3 0.4964080459770114 0.5114942528735633 0.20258620689655202 0.22988505747126425
3 0.21839080459770122 0.7665229885057471 0.1436781609195401 0.22557471264367812
3 0.3160919540229886 0.6954022988505748 0.18678160919540276 0.22701149425287384
3 0.3872126436781608 0.594109195402299 0.16810344827586227 0.22844827586206912
3 0.053160919540230014 0.6422413793103448 0.09482758620689628 0.24137931034482754
3 0.11494252873563209 0.533764367816092 0.21551724137931016 0.23994252873563218
