3 0.49640804597701144 0.8038793103448274 0.16810344827586207 0.2629310344827587
3 0.6285919540229885 0.8369252873563218 0.17385057471264367 0.30028735632183906
3 0.8053160919540229 0.7219827586206897 0.16810344827586207 0.3204022988505747
3 0.6975574712643644 0.5301724137931034 0.16810344827586163 0.3103448275862064
3 0.484195402298851 0.41522988505747244 0.14942528735632138 0.23563218390804536
3 0.8441091954022953 0.46264367816092006 0.16810344827586193 0.28735632183908044
3 0.7363505747126436 0.18247126436781613 0.18534482758620682 0.23563218390804594
3 0.6048850574712649 0.3175287356321842 0.186781609195403 0.30747126436781635
3 0.4920977011494251 0.14798850574712616 0.18534482758620752 0.24425287356321823
3 0.33548850574712596 0.44683908045977 0.1479885057471265 0.25287356321839083
3 0.35057471264367823 0.21264367816091964 0.13218390804597702 0.25862068965517226
3 0.451149425287356 0.566091954022989 0.1436781609195402 0.22413793103448276
3 0.5869252873563214 0.573275862068966 0.16522988505747038 0.23850574712643624
3 0.6242816091954023 0.07112068965517247 0.2054597701149425 0.13074712643678155
