4 0.8225574712643677 0.1508620689655173 0.15660919540229887 0.1867816091954023
4 0.21767241379310293 0.43821839080459757 0.2916666666666666 0.23563218390804594
4 0.4389367816091954 0.5775862068965518 0.27729885057471265 0.22126436781609193
4 0.6343390804597699 0.70617816091954 0.2543103448275862 0.18534482758620682
4 0.7456896551724179 0.5466954022988515 0.20114942528735635 0.18534482758620696
4 0.586925287356322 0.4166666666666668 0.2227011494252874 0.19827586206896547
4 0.3929597701149425 0.25646551724137917 0.2801724137931034 0.23706896551724138
4 0.8512931034482747 0.40948275862068995 0.2083333333333333 0.16091954022988503
4 0.5668103448275864 0.12643678160919536 0.254310344827586 0.2011494252873562
4 0.7147988505747128 0.27442528735632143 0.22557471264367768 0.18390804597701085
4 0.8333333333333334 0.22629310344827586 0.011494252873563227 0.09051724137931036
