4 0.8477011494252876 0.7952586206896554 0.1436781609195401 0.2025862068965517
4 0.8505747126436788 0.6027298850574715 0.13505747126436787 0.19396551724137934
4 0.8477011494252882 0.41666666666666663 0.13505747126436773 0.1954022988505747
4 0.8505747126436782 0.22988505747126445 0.1321839080459769 0.17528735632183895
4 0.7241379310344827 0.2169540229885058 0.11494252873563227 0.18965517241379318
4 0.7198275862068965 0.4087643678160921 0.11781609195402311 0.18821839080459768
4 0.7234195402298846 0.593390804597701 0.11925287356321831 0.1839080459770115
4 0.7306034482758621 0.781609195402299 0.11925287356321831 0.19827586206896555
4 0.6156609195402298 0.7887931034482759 0.125 0.21264367816091956
4 0.6063218390804594 0.5926724137931031 0.10919540229885058 0.17672413793103448
4 0.6005747126436785 0.4044540229885055 0.10919540229885058 0.1910919540229885
4 0.6056034482758621 0.21479885057471257 0.12212643678160909 0.182471264367816
4 0.48347701149425293 0.21767241379310356 0.11925287356321838 0.19396551724137936
4 0.35847701149425293 0.2212643678160918 0.11063218390804597 0.19827586206896555
4 0.24137931034482757 0.2061781609195401 0.11206896551724138 0.1910919540229885
4 0.24712643678160914 0.3929597701149426 0.12068965517241377 0.18247126436781613
4 0.3699712643678157 0.4116379310344825 0.11350574712643677 0.18534482758620682
4 0.4777298850574712 0.40804597701149425 0.11063218390804595 0.1867816091954022
4 0.48922413793103453 0.5919540229885066 0.1192528735632186 0.18103448275862052
4 0.4885057471264368 0.7852011494252871 0.12356321839080465 0.19396551724137936
4 0.36422413793103436 0.7823275862068967 0.11063218390804601 0.20258620689655174
4 0.3699712643678167 0.5869252873563215 0.11637931034482754 0.17097701149425285
4 0.24856321839080545 0.5840517241379308 0.1293103448275862 0.19396551724137934
4 0.24066091954022983 0.7772988505747128 0.13362068965517232 0.1982758620689653
4 0.11350574712643687 0.785919540229885 0.12356321839080461 0.20114942528735633
4 0.12068965517241251 0.5948275862068968 0.13793103448275862 0.18103448275862072
4 0.11781609195402225 0.4087643678160918 0.132183908045977 0.1853448275862069
4 0.11422413793103443 0.21336206896551704 0.12212643678160923 0.18534482758620682
