4 0.9102011494252874 0.7895114942528736 0.16235632183908044 0.24856321839080459
4 0.6645114942528736 0.5402298850574712 0.21408045977011497 0.2557471264367816
4 0.5941091954022989 0.28017241379310354 0.21120689655172417 0.264367816091954
4 0.36494252873563227 0.27227011494252873 0.19540229885057464 0.27155172413793105
4 0.11135057471264372 0.2708333333333332 0.19683908045977005 0.2772988505747126
4 0.13721264367816097 0.5668103448275862 0.21408045977011483 0.2255747126436782
4 0.39080459770114934 0.543103448275862 0.22126436781609204 0.24137931034482754
4 0.44540229885057486 0.8053160919540229 0.20114942528735624 0.23132183908045978
4 0.1443965517241379 0.826867816091954 0.20833333333333343 0.2456896551724138
4 0.9094827586206897 0.521551724137931 0.16091954022988506 0.25
4 0.9288793103448276 0.2442528735632184 0.13649425287356323 0.2672413793103449
