3 0.305316091954023 0.34410919540229884 0.19683908045977014 0.24568965517241378
3 0.41666666666666663 0.26795977011494254 0.1752873563218391 0.23706896551724135
3 0.5186781609195402 0.20258620689655174 0.1695402298850575 0.24137931034482762
3 0.5948275862068965 0.1264367816091954 0.14080459770114934 0.21839080459770113
3 0.11853448275862068 0.1997126436781609 0.2025862068965517 0.278735632183908
3 0.24066091954022992 0.12499999999999999 0.15373563218390807 0.2097701149425287
3 0.19396551724137928 0.46120689655172414 0.19827586206896547 0.2155172413793104
3 0.07974137931034483 0.5452586206896552 0.15948275862068967 0.21982758620689657
3 0.13577586206896547 0.7758620689655173 0.19683908045977003 0.2729885057471263
3 0.26939655172413796 0.6839080459770116 0.2341954022988505 0.27011494252873497
3 0.3864942528735629 0.5668103448275861 0.20689655172413837 0.28591954022988525
3 0.4676724137931035 0.8563218390804596 0.20833333333333343 0.2614942528735632
3 0.5416666666666666 0.7334770114942529 0.21264367816091975 0.30316091954022933
3 0.834051724137931 0.7744252873563218 0.2054597701149426 0.25287356321839083
3 0.7622126436781609 0.8778735632183908 0.20545977011494243 0.23563218390804594
3 0.7514367816091954 0.5510057471264368 0.20402298850574696 0.26005747126436773
3 0.6530172413793103 0.6314655172413793 0.18821839080459768 0.26293103448275873
3 0.5035919540229886 0.4885057471264367 0.20258620689655202 0.22988505747126425
3 0.7816091954022988 0.23347701149425285 0.1436781609195401 0.22557471264367812
3 0.6839080459770114 0.30459770114942514 0.18678160919540276 0.22701149425287384
3 0.6127873563218392 0.405890804597701 0.16810344827586227 0.22844827586206912
3 0.94683908045977 0.35775862068965525 0.09482758620689628 0.24137931034482754
3 0.8850574712643678 0.466235632183908 0.21551724137931016 0.23994252873563218
