3 0.29238505747126436 0.09410919540229887 0.18247126436781613 0.1623563218390805
3 0.22341954022988503 0.2636494252873563 0.21695402298850575 0.1795977011494253
3 0.20186781609195406 0.39295977011494254 0.19396551724137936 0.18534482758620688
3 0.3369252873563217 0.4992816091954024 0.21695402298850586 0.21982758620689627
3 0.6795977011494253 0.5316091954022988 0.2586206896551724 0.18965517241379304
3 0.9008620689655171 0.3908045977011493 0.18103448275862072 0.22126436781609227
3 0.7126436781609194 0.4116379310344827 0.20689655172413793 0.15373563218390807
3 0.5007183908045977 0.4518678160919541 0.1997126436781609 0.22557471264367826
3 0.3649425287356321 0.31752873563218387 0.15517241379310331 0.1954022988505747
3 0.5488505747126438 0.33836206896551724 0.16091954022988503 0.18247126436781605
3 0.69683908045977 0.29238505747126436 0.15804597701149434 0.1681034482758621
3 0.5323275862068965 0.21264367816091956 0.16522988505747116 0.1695402298850575
3 0.3714080459770115 0.1853448275862069 0.14224137931034478 0.18678160919540235
3 0.6982758620689655 0.1695402298850575 0.17241379310344832 0.1752873563218391
3 0.8922413793103448 0.18103448275862066 0.18103448275862064 0.19827586206896547
