4 0.20474137931034483 0.8477011494252874 0.2025862068965517 0.1436781609195401
4 0.39727011494252873 0.8505747126436782 0.19396551724137934 0.13505747126436787
4 0.5833333333333333 0.8477011494252874 0.1954022988505747 0.13505747126436773
4 0.7701149425287356 0.8505747126436782 0.17528735632183895 0.1321839080459769
4 0.7830459770114941 0.7241379310344827 0.18965517241379318 0.11494252873563227
4 0.591235632183908 0.7198275862068965 0.18821839080459768 0.11781609195402311
4 0.40660919540229884 0.7234195402298851 0.1839080459770115 0.11925287356321831
4 0.21839080459770116 0.7306034482758621 0.19827586206896555 0.11925287356321831
4 0.21120689655172412 0.6156609195402298 0.21264367816091956 0.125
4 0.4073275862068966 0.6063218390804598 0.17672413793103448 0.10919540229885058
4 0.5955459770114943 0.6005747126436782 0.1910919540229885 0.10919540229885058
4 0.7852011494252874 0.6056034482758621 0.182471264367816 0.12212643678160909
4 0.7823275862068965 0.48347701149425293 0.19396551724137936 0.11925287356321838
4 0.7787356321839082 0.35847701149425293 0.19827586206896555 0.11063218390804597
4 0.7938218390804599 0.24137931034482762 0.1910919540229885 0.11206896551724138
4 0.6070402298850575 0.24712643678160917 0.18247126436781613 0.12068965517241377
4 0.5883620689655172 0.3699712643678161 0.18534482758620682 0.11350574712643677
4 0.5919540229885056 0.4777298850574712 0.1867816091954022 0.11063218390804595
4 0.4080459770114938 0.4892241379310346 0.18103448275862052 0.1192528735632186
4 0.21479885057471265 0.4885057471264368 0.19396551724137936 0.12356321839080465
4 0.21767241379310345 0.3642241379310345 0.20258620689655174 0.11063218390804601
4 0.4130747126436782 0.36997126436781613 0.17097701149425285 0.11637931034482754
4 0.41594827586206895 0.24856321839080459 0.19396551724137934 0.1293103448275862
4 0.2227011494252872 0.24066091954022986 0.1982758620689653 0.13362068965517232
4 0.21408045977011494 0.1135057471264368 0.20114942528735633 0.12356321839080461
4 0.4051724137931035 0.12068965517241378 0.18103448275862072 0.13793103448275862
4 0.591235632183908 0.11781609195402298 0.1853448275862069 0.132183908045977
4 0.7866379310344829 0.11422413793103449 0.18534482758620682 0.12212643678160923
