4 0.24066091954022986 0.2607758620689655 0.31465517241379315 0.23994252873563218
4 0.5725574712643678 0.25 0.2715517241379311 0.21839080459770116
4 0.8635057471264368 0.2420977011494253 0.2586206896551724 0.21982758620689652
4 0.25 0.5093390804597702 0.3132183908045977 0.22844827586206903
4 0.5783045977011494 0.4971264367816092 0.2830459770114942 0.21551724137931033
4 0.8635057471264368 0.4841954022988506 0.27011494252873575 0.1954022988505747
4 0.24856321839080459 0.7442528735632183 0.29310344827586204 0.21839080459770102
4 0.2729885057471264 0.9295977011494253 0.3045977011494252 0.1293103448275862
4 0.5783045977011494 0.7385057471264368 0.2801724137931035 0.22988505747126425
4 0.8721264367816093 0.7334770114942529 0.24712643678160917 0.22557471264367807
4 0.5826149425287356 0.9346264367816093 0.2916666666666666 0.12212643678160916
4 0.8742816091954023 0.930316091954023 0.24281609195402296 0.13362068965517238
