3 0.3225574712643679 0.5818965517241379 0.25431034482758624 0.235632183908046
3 0.26364942528735624 0.7880747126436779 0.34051724137931016 0.2658045977011498
3 0.5107758620689655 0.7270114942528736 0.3117816091954022 0.2557471264367816
3 0.1135057471264368 0.507183908045977 0.22413793103448276 0.25
3 0.10488505747126436 0.6609195402298852 0.20977011494252873 0.2298850574712644
3 0.20474137931034483 0.3081896551724138 0.242816091954023 0.25143678160919536
3 0.3247126436781608 0.4001436781609195 0.22413793103448293 0.1910919540229884
3 0.5797413793103448 0.5912356321839081 0.2313218390804598 0.21120689655172428
3 0.7780172413793105 0.8362068965517241 0.3376436781609196 0.25
3 0.814655172413793 0.37643678160919536 0.24712643678160917 0.20114942528735633
3 0.5466954022988506 0.4511494252873564 0.21982758620689652 0.21264367816091956
