3 0.1307471264367816 0.44612068965517243 0.1954022988505747 0.12787356321839083
3 0.33548850574712646 0.3728448275862069 0.21120689655172417 0.11063218390804593
3 0.6465517241379309 0.4964080459770115 0.24712643678160923 0.14224137931034483
3 0.5933908045977012 0.33548850574712646 0.21264367816091956 0.10488505747126439
3 0.860632183908046 0.4497126436781609 0.2471264367816093 0.16091954022988503
3 0.408764367816092 0.5725574712643677 0.25431034482758624 0.17097701149425285
3 0.6364942528735632 0.6336206896551724 0.2787356321839081 0.1465517241379311
3 0.875 0.6063218390804598 0.23275862068965522 0.14655172413793102
3 0.15158045977011494 0.7435344827586207 0.27729885057471265 0.1508620689655173
3 0.23347701149425287 0.49712643678160917 0.21695402298850575 0.1637931034482758
