3 0.30387931034482757 0.1530172413793104 0.2543103448275862 0.16235632183908053
3 0.43175287356321845 0.06824712643678162 0.21695402298850575 0.1278735632183908
3 0.5114942528735632 0.23419540229885066 0.28160919540229906 0.16666666666666663
3 0.8239942528735632 0.2550287356321839 0.24281609195402296 0.14224137931034483
3 0.8908045977011494 0.08405172413793104 0.1954022988505747 0.1451149425287356
3 0.6767241379310345 0.15014367816091956 0.24137931034482762 0.1278735632183908
3 0.6609195402298852 0.05459770114942528 0.20689655172413793 0.10632183908045975
3 0.6465517241379309 0.5625 0.2902298850574712 0.1853448275862069
3 0.41235632183908044 0.7816091954022988 0.28735632183908044 0.17816091954022995
3 0.6573275862068965 0.7291666666666665 0.26867816091954017 0.17672413793103445
3 0.716235632183908 0.4748563218390805 0.2313218390804598 0.1652298850574713
