3 0.19612068965517243 0.4964080459770115 0.2629310344827587 0.16810344827586207
3 0.16307471264367815 0.6285919540229885 0.30028735632183906 0.17385057471264367
3 0.27801724137931033 0.805316091954023 0.3204022988505747 0.16810344827586207
3 0.46982758620689596 0.6975574712643676 0.3103448275862064 0.16810344827586163
3 0.584770114942528 0.4841954022988509 0.23563218390804536 0.14942528735632138
3 0.5373563218390803 0.8441091954022988 0.28735632183908044 0.16810344827586193
3 0.8175287356321839 0.7363505747126436 0.23563218390804594 0.18534482758620682
3 0.6824712643678158 0.6048850574712649 0.30747126436781635 0.186781609195403
3 0.8520114942528738 0.492097701149425 0.24425287356321823 0.18534482758620752
3 0.5531609195402298 0.33548850574712646 0.25287356321839083 0.1479885057471265
3 0.7873563218390803 0.3505747126436782 0.25862068965517226 0.13218390804597702
3 0.4339080459770115 0.45114942528735624 0.22413793103448276 0.1436781609195402
3 0.42672413793103414 0.5869252873563213 0.23850574712643624 0.16522988505747038
3 0.9288793103448276 0.6242816091954023 0.13074712643678155 0.2054597701149425
