3 0.15517241379310348 0.6939655172413797 0.2988505747126437 0.18103448275862083
3 0.276580459770115 0.5560344827586207 0.2514367816091954 0.14655172413793102
3 0.3635057471264368 0.4841954022988506 0.1925287356321839 0.1436781609195402
3 0.41235632183908044 0.40301724137931033 0.1666666666666667 0.11350574712643677
3 0.4561781609195403 0.35416666666666663 0.16235632183908044 0.1077586206896552
3 0.5086206896551717 0.31896551724137934 0.1522988505747125 0.09195402298850584
3 0.5818965517241371 0.280890804597701 0.1752873563218385 0.08477011494252858
3 0.3843390804597701 0.7701149425287358 0.2543103448275862 0.25862068965517254
3 0.5581896551724129 0.5926724137931032 0.18821839080459757 0.1853448275862064
3 0.6544540229885056 0.4454022988505747 0.139367816091954 0.11781609195402297
3 0.7219827586206891 0.3340517241379309 0.13362068965517218 0.09626436781609202
3 0.8972701149425287 0.36925287356321845 0.17097701149425276 0.09195402298850575
3 0.8584770114942534 0.4310344827586203 0.17385057471264445 0.09195402298850656
3 0.8383620689655173 0.5057471264367812 0.22557471264367837 0.10919540229885136
3 0.7988505747126436 0.6235632183908046 0.2758620689655173 0.1695402298850575
3 0.7320402298850572 0.729885057471264 0.38074712643678227 0.1580459770114944
3 0.6465517241379309 0.8929597701149424 0.40804597701149414 0.19396551724137923
