4 0.15086206896551724 0.17744252873563218 0.1867816091954023 0.15660919540229887
4 0.4382183908045977 0.7823275862068965 0.23563218390804594 0.2916666666666666
4 0.5775862068965517 0.5610632183908045 0.22126436781609193 0.27729885057471265
4 0.7061781609195401 0.3656609195402299 0.18534482758620682 0.2543103448275862
4 0.5466954022988506 0.2543103448275862 0.18534482758620696 0.20114942528735635
4 0.41666666666666674 0.4130747126436782 0.19827586206896547 0.2227011494252874
4 0.2564655172413793 0.6070402298850575 0.23706896551724138 0.2801724137931034
4 0.4094827586206896 0.14870689655172412 0.16091954022988503 0.2083333333333333
4 0.12643678160919533 0.43318965517241365 0.2011494252873562 0.254310344827586
4 0.27442528735632155 0.28520114942528707 0.18390804597701085 0.22557471264367768
4 0.22629310344827588 0.16666666666666669 0.09051724137931036 0.011494252873563227
