3 0.3060344827586207 0.21408045977011494 0.13793103448275862 0.1839080459770115
3 0.048132183908045974 0.21982758620689657 0.09626436781609195 0.1695402298850575
3 0.930316091954023 0.048132183908045974 0.13074712643678169 0.09626436781609195
3 0.39511494252873564 0.139367816091954 0.1149425287356322 0.1264367816091954
3 0.5114942528735632 0.11853448275862069 0.12068965517241388 0.11063218390804597
3 0.464080459770115 0.18678160919540232 0.15229885057471257 0.14942528735632182
3 0.45833333333333326 0.35632183908045983 0.1954022988505747 0.18103448275862066
3 0.6372126436781609 0.3505747126436782 0.17672413793103436 0.13793103448275865
3 0.7837643678160918 0.20043103448275865 0.125 0.17672413793103448
3 0.6932471264367815 0.5129310344827586 0.17959770114942522 0.14942528735632188
3 0.47629310344827586 0.5323275862068965 0.20833333333333337 0.15373563218390807
3 0.28232758620689646 0.3893678160919539 0.13649425287356315 0.1666666666666664
3 0.3024425287356322 0.5897988505747126 0.1422413793103448 0.19396551724137936
3 0.29741379310344823 0.7270114942528734 0.17816091954022983 0.16379310344827608
3 0.40086206896551735 0.605603448275862 0.14080459770114923 0.17097701149425273
