5 0.13505747126436782 0.1889367816091954 0.23850574712643677 0.29454022988505746
5 0.3793103448275862 0.1875 0.22988505747126436 0.31465517241379315
5 0.6221264367816093 0.19037356321839083 0.2241379310344827 0.3175287356321839
5 0.860632183908046 0.1817528735632184 0.22701149425287354 0.3117816091954023
5 0.13721264367816094 0.5028735632183908 0.242816091954023 0.2988505747126437
5 0.1336206896551724 0.8225574712643677 0.23275862068965517 0.29166666666666674
5 0.38793103448275856 0.5079022988505747 0.23275862068965517 0.30603448275862066
5 0.3843390804597701 0.8290229885057471 0.23994252873563215 0.29310344827586193
5 0.6278735632183908 0.514367816091954 0.22701149425287354 0.3017241379310345
5 0.8685344827586207 0.507183908045977 0.22270114942528735 0.3074712643678161
5 0.627155172413793 0.8254310344827586 0.22270114942528724 0.30028735632183906
5 0.8721264367816092 0.8247126436781609 0.22701149425287354 0.3132183908045977
