3 0.34626436781609193 0.2629310344827586 0.3017241379310345 0.2097701149425287
3 0.15517241379310354 0.37356321839080486 0.24712643678160937 0.15229885057471282
3 0.3110632183908046 0.5021551724137931 0.2830459770114943 0.23706896551724135
3 0.34698275862068956 0.679597701149425 0.3491379310344825 0.19827586206896552
3 0.18606321839080459 0.6738505747126436 0.018678160919540224 0.005747126436781542
3 0.5955459770114949 0.7665229885057471 0.30890804597701194 0.18821839080459807
3 0.8541666666666665 0.7607758620689654 0.27155172413793094 0.1997126436781609
3 0.5079022988505747 0.13936781609195403 0.2255747126436782 0.20114942528735633
3 0.7205459770114944 0.1910919540229885 0.22844827586206898 0.12068965517241383
3 0.09985632183908047 0.4755747126436782 0.1795977011494253 0.24137931034482754
