3 0.5395114942528736 0.7054597701149423 0.2255747126436782 0.14080459770114942
3 0.654454022988506 0.6199712643678164 0.1508620689655173 0.18247126436781605
3 0.5179597701149428 0.5431034482758623 0.18821839080459768 0.13218390804597696
3 0.4626436781609195 0.40373563218390796 0.12931034482758613 0.14942528735632188
3 0.5905172413793104 0.3929597701149426 0.14080459770114942 0.17385057471264376
3 0.5445402298850575 0.209051724137931 0.1724137931034484 0.1623563218390804
3 0.6939655172413792 0.26939655172413735 0.15517241379310373 0.18821839080459724
3 0.8369252873563221 0.3189655172413792 0.19683908045976994 0.21839080459770085
3 0.7880747126443433 0.5043103448275962 0.2255747126436782 0.19540229885057464
3 0.6989942528735633 0.8376436781609197 0.25143678160919536 0.1925287356321839
