3 0.1831896551724138 0.7205459770114943 0.13936781609195406 0.30603448275862066
3 0.23635057473158633 0.500718390804546 0.1307471264367816 0.21408045977011497
3 0.28951149425287337 0.7040229885057474 0.0646551724137931 0.19252873563218395
3 0.3498563218390796 0.5639367816091958 0.16522988505747133 0.30603448275862066
3 0.3936781609195402 0.7701149425287357 0.1436781609195402 0.23275862068965517
3 0.0 0.326867816091954 0.16666666666666663 0.28879310344827586
3 0.6242816091954055 0.47485632183907994 0.21120689655172453 0.3146551724137931
3 0.6235632183908048 0.1918103448275862 0.14367816091953975 0.27729885057471254
3 0.3326149425287354 0.2593390804597715 0.19396551724137884 0.2974137931034479
3 0.5035919540229887 0.27586206896551674 0.1795977011494256 0.34195402298850586
