3 0.6645114942528736 0.8814655172413793 0.23994252873563218 0.23419540229885058
3 0.5280172413793103 0.7068965517241379 0.3290229885057472 0.3160919540229885
3 0.6745689655172413 0.46264367816091945 0.3089080459770115 0.31896551724137934
3 0.4374999999999999 0.4892241379310347 0.3089080459770116 0.2887931034482758
3 0.24497126436781613 0.5689655172413793 0.2859195402298851 0.3247126436781609
3 0.8915229885057471 0.44252873563218387 0.20258620689655174 0.26436781609195414
3 0.766522988505747 0.1795977011494255 0.30316091954022995 0.32183908045977033
3 0.5079022988505747 0.11637931034482758 0.30890804597701155 0.21839080459770102
3 0.21408045977011492 0.1142241379310347 0.3189655172413793 0.21982758620689627
3 0.3512931034482766 0.30603448275862055 0.2715517241379309 0.2528735632183913
3 0.10704022988505706 0.2974137931034483 0.2083333333333339 0.35057471264367834
