4 0.7593390804597702 0.7392241379310345 0.31465517241379315 0.23994252873563218
4 0.42744252873563215 0.75 0.2715517241379311 0.21839080459770116
4 0.13649425287356323 0.7579022988505747 0.2586206896551724 0.21982758620689652
4 0.75 0.49066091954022983 0.3132183908045977 0.22844827586206903
4 0.42169540229885066 0.5028735632183908 0.2830459770114942 0.21551724137931033
4 0.13649425287356323 0.5158045977011494 0.27011494252873575 0.1954022988505747
4 0.7514367816091954 0.2557471264367816 0.29310344827586204 0.21839080459770102
4 0.7270114942528736 0.07040229885057467 0.3045977011494252 0.1293103448275862
4 0.42169540229885066 0.2614942528735632 0.2801724137931035 0.22988505747126425
4 0.12787356321839063 0.26652298850574707 0.24712643678160917 0.22557471264367807
4 0.4173850574712644 0.06537356321839063 0.2916666666666666 0.12212643678160916
4 0.12571839080459773 0.0696839080459771 0.24281609195402296 0.13362068965517238
