3 0.8972701149425291 0.391522988505747 0.1968390804597702 0.30316091954022995
3 0.7241379310344825 0.22341954022988517 0.20977011494252878 0.33189655172413796
3 0.5172413793103446 0.2945402298850576 0.18390804597701155 0.2614942528735632
3 0.32471264367816094 0.1429597701149426 0.1695402298850575 0.2658045977011494
3 0.5617816091954022 0.07399425287356318 0.18678160919540232 0.14511494252873575
3 0.27729885057471243 0.42600574712643696 0.16091954022988517 0.2859195402298852
3 0.20114942528735646 0.6788793103448275 0.1724137931034483 0.2744252873563217
3 0.4310344827586203 0.5632183908045982 0.17241379310344826 0.24712643678160917
3 0.6077586206896544 0.5452586206896552 0.19827586206896503 0.3002873563218389
3 0.11709770114942535 0.2772988505747126 0.16810344827586207 0.26149425287356315
3 0.1795977011494253 0.08045977011494237 0.18103448275862072 0.16091954022988503
3 0.09698275862068981 0.9022988505747126 0.1853448275862069 0.1896551724137931
3 0.3520114942528735 0.8340517241379312 0.16954022988505751 0.27729885057471265
3 0.5359195402298851 0.8591954022988506 0.1839080459770115 0.27011494252873564
3 0.7823275862068962 0.7061781609195401 0.1997126436781609 0.3002873563218391
3 0.6824712643678166 0.9353448275862067 0.1896551724137931 0.1235632183908046
3 0.06106321839090989 0.5064655172413776 0.11925287356321836 0.2571839080459769
