5 0.18893678160919544 0.864942528735632 0.29454022988505746 0.23850574712643677
5 0.18749999999999994 0.6206896551724139 0.31465517241379315 0.22988505747126436
5 0.19037356321839122 0.3778735632183909 0.3175287356321839 0.2241379310344827
5 0.18175287356321834 0.13936781609195398 0.3117816091954023 0.22701149425287354
5 0.5028735632183908 0.8627873563218392 0.2988505747126437 0.242816091954023
5 0.8225574712643675 0.8663793103448274 0.29166666666666674 0.23275862068965517
5 0.5079022988505747 0.6120689655172415 0.30603448275862066 0.23275862068965517
5 0.8290229885057471 0.61566091954023 0.29310344827586193 0.23994252873563215
5 0.514367816091954 0.3721264367816091 0.3017241379310345 0.22701149425287354
5 0.507183908045977 0.13146551724137928 0.3074712643678161 0.22270114942528735
5 0.8254310344827586 0.3728448275862069 0.30028735632183906 0.22270114942528724
5 0.824712643678161 0.12787356321839086 0.3132183908045977 0.22701149425287354
