3 0.8038793103448276 0.5035919540229885 0.2629310344827587 0.16810344827586207
3 0.836925287356322 0.37140804597701144 0.30028735632183906 0.17385057471264367
3 0.7219827586206897 0.1946839080459771 0.3204022988505747 0.16810344827586207
3 0.530172413793104 0.3024425287356324 0.3103448275862064 0.16810344827586163
3 0.415229885057472 0.5158045977011491 0.23563218390804536 0.14942528735632138
3 0.46264367816091967 0.1558908045977013 0.28735632183908044 0.16810344827586193
3 0.18247126436781613 0.26364942528735635 0.23563218390804594 0.18534482758620682
3 0.3175287356321842 0.39511494252873514 0.30747126436781635 0.186781609195403
3 0.1479885057471261 0.5079022988505749 0.24425287356321823 0.18534482758620752
3 0.44683908045977017 0.6645114942528736 0.25287356321839083 0.1479885057471265
3 0.2126436781609197 0.6494252873563218 0.25862068965517226 0.13218390804597702
3 0.5660919540229885 0.5488505747126438 0.22413793103448276 0.1436781609195402
3 0.5732758620689659 0.4130747126436787 0.23850574712643624 0.16522988505747038
3 0.07112068965517242 0.3757183908045977 0.13074712643678155 0.2054597701149425
