3 0.39152298850574707 0.1027298850574713 0.30316091954022995 0.1968390804597702
3 0.22341954022988517 0.27586206896551735 0.33189655172413796 0.20977011494252878
3 0.29454022988505757 0.48275862068965525 0.2614942528735632 0.18390804597701155
3 0.1429597701149426 0.6752873563218391 0.2658045977011494 0.1695402298850575
3 0.07399425287356323 0.4382183908045977 0.14511494252873575 0.18678160919540232
3 0.426005747126437 0.7227011494252873 0.2859195402298852 0.16091954022988517
3 0.6788793103448276 0.7988505747126438 0.2744252873563217 0.1724137931034483
3 0.5632183908045978 0.5689655172413792 0.24712643678160917 0.17241379310344826
3 0.5452586206896555 0.3922413793103451 0.3002873563218389 0.19827586206896503
3 0.2772988505747126 0.8829022988505747 0.26149425287356315 0.16810344827586207
3 0.0804597701149424 0.8204022988505747 0.16091954022988503 0.18103448275862072
3 0.9022988505747126 0.9030172413793103 0.1896551724137931 0.1853448275862069
3 0.8340517241379309 0.6479885057471264 0.27729885057471265 0.16954022988505751
3 0.8591954022988506 0.4640804597701149 0.27011494252873564 0.1839080459770115
3 0.7061781609195401 0.21767241379310356 0.3002873563218391 0.1997126436781609
3 0.935344827586207 0.3175287356321833 0.1235632183908046 0.1896551724137931
3 0.5064655172413792 0.9389367816091955 0.2571839080459769 0.11925287356321836
