3 0.26293103448275856 0.6537356321839081 0.2097701149425287 0.3017241379310345
3 0.3735632183908048 0.8448275862068966 0.15229885057471282 0.24712643678160937
3 0.5021551724137931 0.6889367816091954 0.23706896551724135 0.2830459770114943
3 0.679597701149425 0.6530172413793104 0.19827586206896552 0.3491379310344825
3 0.6738505747126438 0.8139367816091955 0.005747126436781542 0.018678160919540224
3 0.7665229885057467 0.4044540229885052 0.18821839080459807 0.30890804597701194
3 0.7607758620689654 0.1458333333333336 0.1997126436781609 0.27155172413793094
3 0.13936781609232082 0.4920977011494333 0.20114942528735633 0.2255747126436782
3 0.19109195402298845 0.2794540229885056 0.12068965517241383 0.22844827586206898
3 0.4755747126436781 0.9001436781609193 0.24137931034482754 0.1795977011494253
