3 0.677442528735632 0.4181034482758621 0.25431034482758624 0.235632183908046
3 0.7363505747126438 0.21192528735632213 0.34051724137931016 0.2658045977011498
3 0.48922413793103453 0.27298850574712646 0.3117816091954022 0.2557471264367816
3 0.8864942528735632 0.492816091954023 0.22413793103448276 0.25
3 0.8951149425287357 0.3390804597701148 0.20977011494252873 0.2298850574712644
3 0.7952586206896551 0.6918103448275862 0.242816091954023 0.25143678160919536
3 0.6752873563218392 0.5998563218390804 0.22413793103448293 0.1910919540229884
3 0.42025862068965525 0.40876436781609193 0.2313218390804598 0.21120689655172428
3 0.2219827586206895 0.16379310344827597 0.3376436781609196 0.25
3 0.18534482758620693 0.6235632183908046 0.24712643678160917 0.20114942528735633
3 0.45330459770114934 0.5488505747126436 0.21982758620689652 0.21264367816091956
