3 0.6939655172413797 0.8448275862068965 0.18103448275862083 0.2988505747126437
3 0.5560344827586207 0.7234195402298852 0.14655172413793102 0.2514367816091954
3 0.4841954022988507 0.6364942528735626 0.1436781609195402 0.1925287356321839
3 0.40301724137931033 0.5876436781609196 0.11350574712643677 0.1666666666666667
3 0.35416666666666863 0.5438218390804592 0.1077586206896552 0.16235632183908044
3 0.3189655172414533 0.49137931034483184 0.09195402298850584 0.1522988505747125
3 0.2808908045977008 0.4181034482758628 0.08477011494252858 0.1752873563218385
3 0.770114942528736 0.6156609195402301 0.25862068965517254 0.2543103448275862
3 0.5926724137931025 0.44181034482758746 0.1853448275862064 0.18821839080459757
3 0.4454022988505747 0.3455459770114945 0.11781609195402297 0.139367816091954
3 0.3340517241379309 0.27801724137931094 0.09626436781609202 0.13362068965517218
3 0.36925287356321845 0.10272988505747138 0.09195402298850575 0.17097701149425276
3 0.4310344827586203 0.14152298850574652 0.09195402298850656 0.17385057471264445
3 0.5057471264367812 0.16163793103448257 0.10919540229885136 0.22557471264367837
3 0.6235632183908046 0.2011494252873564 0.1695402298850575 0.2758620689655173
3 0.7298850574712639 0.2679597701149428 0.1580459770114944 0.38074712643678227
3 0.8929597701149421 0.35344827586206923 0.19396551724137923 0.40804597701149414
