3 0.6939655172413792 0.785919540229885 0.13793103448275862 0.1839080459770115
3 0.951867816091954 0.7801724137931034 0.09626436781609195 0.1695402298850575
3 0.0696839080459771 0.951867816091954 0.13074712643678169 0.09626436781609195
3 0.6048850574712643 0.860632183908046 0.1149425287356322 0.1264367816091954
3 0.4885057471264368 0.8814655172413793 0.12068965517241388 0.11063218390804597
3 0.535919540229885 0.8132183908045978 0.15229885057471257 0.14942528735632182
3 0.5416666666666667 0.6436781609195401 0.1954022988505747 0.18103448275862066
3 0.3627873563218391 0.6494252873563218 0.17672413793103436 0.13793103448275865
3 0.21623563218390815 0.7995689655172413 0.125 0.17672413793103448
3 0.30675287356321845 0.48706896551724144 0.17959770114942522 0.14942528735632188
3 0.5237068965517241 0.46767241379310354 0.20833333333333337 0.15373563218390807
3 0.7176724137931035 0.6106321839080461 0.13649425287356315 0.1666666666666664
3 0.6975574712643677 0.4102011494252874 0.1422413793103448 0.19396551724137936
3 0.7025862068965518 0.27298850574712663 0.17816091954022983 0.16379310344827608
3 0.5991379310344827 0.394396551724138 0.14080459770114923 0.17097701149425273
