3 0.8814655172413793 0.3354885057471265 0.23419540229885058 0.23994252873563218
3 0.7068965517241443 0.4719827586206888 0.3160919540229885 0.3290229885057472
3 0.46264367816091945 0.32543103448275856 0.31896551724137934 0.3089080459770115
3 0.4892241379310348 0.5624999999999997 0.2887931034482758 0.3089080459770116
3 0.5689655172413794 0.7550287356321841 0.3247126436781609 0.2859195402298851
3 0.44252873563218387 0.10847701149425289 0.26436781609195414 0.20258620689655174
3 0.17959770114942555 0.23347701149425304 0.32183908045977033 0.30316091954022995
3 0.11637931034490871 0.492097701149427 0.21839080459770102 0.30890804597701155
3 0.11422413793103478 0.7859195402298851 0.21982758620689627 0.3189655172413793
3 0.30603448275862055 0.6487068965517234 0.2528735632183913 0.2715517241379309
3 0.2974137931034483 0.892959770114943 0.35057471264367834 0.2083333333333339
