3 0.33548850574712646 0.11853448275862069 0.23994252873563218 0.23419540229885058
3 0.47198275862068967 0.29310344827586204 0.3290229885057472 0.3160919540229885
3 0.3254310344827587 0.5373563218390806 0.3089080459770115 0.31896551724137934
3 0.5625000000000001 0.5107758620689653 0.3089080459770116 0.2887931034482758
3 0.7550287356321839 0.43103448275862066 0.2859195402298851 0.3247126436781609
3 0.10847701149425289 0.5574712643678161 0.20258620689655174 0.26436781609195414
3 0.23347701149425298 0.8204022988505745 0.30316091954022995 0.32183908045977033
3 0.4920977011494253 0.8836206896551724 0.30890804597701155 0.21839080459770102
3 0.7859195402298851 0.8857758620689653 0.3189655172413793 0.21982758620689627
3 0.6487068965517234 0.6939655172413794 0.2715517241379309 0.2528735632183913
3 0.892959770114943 0.7025862068965517 0.2083333333333339 0.35057471264367834
