3 0.418103448275862 0.32255747126436773 0.235632183908046 0.25431034482758624
3 0.21192528735632213 0.26364942528735624 0.2658045977011498 0.34051724137931016
3 0.2729885057470965 0.5107758620689669 0.2557471264367816 0.3117816091954022
3 0.492816091954023 0.1135057471264368 0.25 0.22413793103448276
3 0.3390804597701148 0.10488505747126434 0.2298850574712644 0.20977011494252873
3 0.6918103448275862 0.2047413793103448 0.25143678160919536 0.242816091954023
3 0.5998563218390804 0.32471264367816083 0.1910919540229884 0.22413793103448293
3 0.40876436781609193 0.5797413793103449 0.21120689655172428 0.2313218390804598
3 0.16379310344827602 0.7780172413793104 0.25 0.3376436781609196
3 0.6235632183908046 0.814655172413793 0.20114942528735633 0.24712643678160917
3 0.5488505747126426 0.5466954022988497 0.21264367816091956 0.21982758620689652
