4 0.15229885057471249 0.20474137931034475 0.1436781609195401 0.2025862068965517
4 0.14942528735632127 0.39727011494252856 0.13505747126436787 0.19396551724137934
4 0.15229885057471187 0.5833333333333334 0.13505747126436773 0.1954022988505747
4 0.14942528735632157 0.7701149425287357 0.1321839080459769 0.17528735632183895
4 0.27586206896551746 0.7830459770114939 0.11494252873563227 0.18965517241379318
4 0.2801724137931042 0.5912356321839078 0.11781609195402311 0.18821839080459768
4 0.2765804597701155 0.4066091954022991 0.11925287356321831 0.1839080459770115
4 0.2693965517241378 0.21839080459770113 0.11925287356321831 0.19827586206896555
4 0.38433908045977017 0.21120689655172403 0.125 0.21264367816091956
4 0.39367816091954044 0.4073275862068968 0.10919540229885058 0.17672413793103448
4 0.3994252873563215 0.5955459770114946 0.10919540229885058 0.1910919540229885
4 0.39439655172413796 0.7852011494252875 0.12212643678160909 0.182471264367816
4 0.5165229885057471 0.7823275862068965 0.11925287356321838 0.19396551724137936
4 0.6415229885057472 0.7787356321839083 0.11063218390804597 0.19827586206896555
4 0.7586206896551725 0.7938218390804599 0.11206896551724138 0.1910919540229885
4 0.7528735632183909 0.6070402298850575 0.12068965517241377 0.18247126436781613
4 0.6300287356321842 0.5883620689655176 0.11350574712643677 0.18534482758620682
4 0.5222701149425288 0.5919540229885059 0.11063218390804595 0.1867816091954022
4 0.5107758620689655 0.4080459770114935 0.1192528735632186 0.18103448275862052
4 0.5114942528735632 0.2147988505747127 0.12356321839080465 0.19396551724137936
4 0.6357758620689655 0.21767241379310348 0.11063218390804601 0.20258620689655174
4 0.6300287356321834 0.4130747126436785 0.11637931034482754 0.17097701149425285
4 0.7514367816091944 0.4159482758620693 0.1293103448275862 0.19396551724137934
4 0.7593390804597702 0.2227011494252872 0.13362068965517232 0.1982758620689653
4 0.8864942528735632 0.21408045977011497 0.12356321839080461 0.20114942528735633
4 0.8793103448275872 0.4051724137931032 0.13793103448275862 0.18103448275862072
4 0.8821839080459783 0.5912356321839083 0.132183908045977 0.1853448275862069
4 0.8857758620689659 0.7866379310344832 0.12212643678160923 0.18534482758620682
