3 0.11853448275862102 0.6645114942528735 0.23419540229885058 0.23994252873563218
3 0.29310344827585505 0.5280172413793112 0.3160919540229885 0.3290229885057472
3 0.5373563218390806 0.6745689655172413 0.31896551724137934 0.3089080459770115
3 0.5107758620689652 0.4375000000000003 0.2887931034482758 0.3089080459770116
3 0.43103448275862066 0.24497126436781605 0.3247126436781609 0.2859195402298851
3 0.5574712643678161 0.8915229885057471 0.26436781609195414 0.20258620689655174
3 0.8204022988505744 0.766522988505747 0.32183908045977033 0.30316091954022995
3 0.8836206896550912 0.507902298850573 0.21839080459770102 0.30890804597701155
3 0.8857758620689655 0.21408045977011492 0.21982758620689627 0.3189655172413793
3 0.6939655172413796 0.3512931034482765 0.2528735632183913 0.2715517241379309
3 0.7025862068965517 0.10704022988505706 0.35057471264367834 0.2083333333333339
