3 0.4461206896551723 0.8692528735632186 0.12787356321839083 0.1954022988505747
3 0.372844827586207 0.6645114942528734 0.11063218390804593 0.21120689655172417
3 0.49640804597701144 0.3534482758620691 0.14224137931034483 0.24712643678160923
3 0.33548850574712663 0.4066091954022989 0.10488505747126439 0.21264367816091956
3 0.4497126436781609 0.13936781609195398 0.16091954022988503 0.2471264367816093
3 0.5725574712643677 0.591235632183908 0.17097701149425285 0.25431034482758624
3 0.6336206896551723 0.36350574712643696 0.1465517241379311 0.2787356321839081
3 0.6063218390804598 0.12499999999999996 0.14655172413793102 0.23275862068965522
3 0.7435344827586208 0.8484195402298852 0.1508620689655173 0.27729885057471265
3 0.49712643678160917 0.7665229885057473 0.1637931034482758 0.21695402298850575
