4 0.2104885057471264 0.9102011494252874 0.24856321839080459 0.16235632183908044
4 0.4597701149425289 0.6645114942528731 0.2557471264367816 0.21408045977011497
4 0.7198275862068965 0.5941091954022989 0.264367816091954 0.21120689655172417
4 0.7277298850574714 0.3649425287356322 0.27155172413793105 0.19540229885057464
4 0.7291666666666667 0.11135057471264387 0.2772988505747126 0.19683908045977005
4 0.4331896551724138 0.13721264367816102 0.2255747126436782 0.21408045977011483
4 0.456896551724138 0.3908045977011493 0.24137931034482754 0.22126436781609204
4 0.19468390804597774 0.4454022988505749 0.23132183908045978 0.20114942528735624
4 0.17313218390804588 0.14439655172413782 0.2456896551724138 0.20833333333333343
4 0.47844827586206895 0.9094827586206897 0.25 0.16091954022988506
4 0.7557471264367815 0.9288793103448276 0.2672413793103449 0.13649425287356323
