3 0.5035919540229885 0.1961206896551725 0.16810344827586207 0.2629310344827587
3 0.3714080459770115 0.1630747126436783 0.17385057471264367 0.30028735632183906
3 0.19468390804597713 0.27801724137931033 0.16810344827586207 0.3204022988505747
3 0.30244252873563554 0.4698275862068965 0.16810344827586163 0.3103448275862064
3 0.515804597701149 0.5847701149425275 0.14942528735632138 0.23563218390804536
3 0.15589080459770557 0.5373563218390799 0.16810344827586193 0.28735632183908044
3 0.26364942528735635 0.8175287356321839 0.18534482758620682 0.23563218390804594
3 0.39511494252873514 0.6824712643678158 0.186781609195403 0.30747126436781635
3 0.5079022988505749 0.8520114942528739 0.18534482758620752 0.24425287356321823
3 0.6645114942528737 0.55316091954023 0.1479885057471265 0.25287356321839083
3 0.649425287356322 0.7873563218390804 0.13218390804597702 0.25862068965517226
3 0.5488505747126439 0.43390804597701127 0.1436781609195402 0.22413793103448276
3 0.4130747126436785 0.426724137931034 0.16522988505747038 0.23850574712643624
3 0.3757183908045977 0.9288793103448274 0.2054597701149425 0.13074712643678155
