3 0.5818965517241381 0.6774425287356324 0.235632183908046 0.25431034482758624
3 0.7880747126436782 0.736350574712644 0.2658045977011498 0.34051724137931016
3 0.7270114942529051 0.48922413793103303 0.2557471264367816 0.3117816091954022
3 0.507183908045977 0.8864942528735632 0.25 0.22413793103448276
3 0.6609195402298852 0.8951149425287357 0.2298850574712644 0.20977011494252873
3 0.3081896551724137 0.7952586206896552 0.25143678160919536 0.242816091954023
3 0.4001436781609195 0.6752873563218393 0.1910919540229884 0.22413793103448293
3 0.5912356321839082 0.42025862068965525 0.21120689655172428 0.2313218390804598
3 0.836206896551724 0.22198275862068945 0.25 0.3376436781609196
3 0.37643678160919536 0.185344827586207 0.20114942528735633 0.24712643678160917
3 0.451149425287357 0.45330459770114995 0.21264367816091956 0.21982758620689652
