3 0.8469827586206898 0.3038793103448275 0.16235632183908053 0.2543103448275862
3 0.9317528735632183 0.43175287356321845 0.1278735632183908 0.21695402298850575
3 0.7658045977011139 0.5114942528735618 0.16666666666666663 0.28160919540229906
3 0.7449712643678164 0.8239942528735635 0.14224137931034483 0.24281609195402296
3 0.9159482758620687 0.8908045977011492 0.1451149425287356 0.1954022988505747
3 0.84985632183908 0.6767241379310344 0.1278735632183908 0.24137931034482762
3 0.9454022988505757 0.6609195402298855 0.10632183908045975 0.20689655172413793
3 0.4375000000000001 0.6465517241379308 0.1853448275862069 0.2902298850574712
3 0.2183908045977016 0.41235632183908066 0.17816091954022995 0.28735632183908044
3 0.2708333333333338 0.6573275862068961 0.17672413793103445 0.26867816091954017
3 0.5251436781609194 0.7162356321839077 0.1652298850574713 0.2313218390804598
