3 0.7076149425287357 0.9058908045977011 0.18247126436781613 0.1623563218390805
3 0.776580459770115 0.7363505747126438 0.21695402298850575 0.1795977011494253
3 0.798132183908046 0.6070402298850575 0.19396551724137936 0.18534482758620688
3 0.6630747126436782 0.5007183908045977 0.21695402298850586 0.21982758620689627
3 0.3204022988505747 0.4683908045977012 0.2586206896551724 0.18965517241379304
3 0.09913793103448292 0.6091954022988507 0.18103448275862072 0.22126436781609227
3 0.28735632183908055 0.5883620689655172 0.20689655172413793 0.15373563218390807
3 0.4992816091954023 0.5481321839080459 0.1997126436781609 0.22557471264367826
3 0.635057471264368 0.6824712643678161 0.15517241379310331 0.1954022988505747
3 0.4511494252873563 0.6616379310344828 0.16091954022988503 0.18247126436781605
3 0.30316091954022995 0.7076149425287357 0.15804597701149434 0.1681034482758621
3 0.46767241379310354 0.7873563218390804 0.16522988505747116 0.1695402298850575
3 0.6285919540229885 0.814655172413793 0.14224137931034478 0.18678160919540235
3 0.30172413793103453 0.8304597701149425 0.17241379310344832 0.1752873563218391
3 0.10775862068965517 0.8189655172413793 0.18103448275862064 0.19827586206896547
