3 0.30603448275862033 0.15517241379310348 0.18103448275862083 0.2988505747126437
3 0.44396551724137934 0.2765804597701149 0.14655172413793102 0.2514367816091954
3 0.5158045977011493 0.3635057471264371 0.1436781609195402 0.1925287356321839
3 0.5969827586206897 0.4123563218390805 0.11350574712643677 0.1666666666666667
3 0.6458333333333311 0.45617816091954094 0.1077586206896552 0.16235632183908044
3 0.6810344827585426 0.5086206896551679 0.09195402298850584 0.1522988505747125
3 0.719109195402299 0.5818965517241371 0.08477011494252858 0.1752873563218385
3 0.2298850574712641 0.38433908045977005 0.25862068965517254 0.2543103448275862
3 0.4073275862068975 0.5581896551724125 0.1853448275862064 0.18821839080459757
3 0.5545977011494252 0.6544540229885054 0.11781609195402297 0.139367816091954
3 0.6659482758620691 0.721982758620689 0.09626436781609202 0.13362068965517218
3 0.6307471264367815 0.8972701149425287 0.09195402298850575 0.17097701149425276
3 0.5689655172413797 0.8584770114942535 0.09195402298850656 0.17385057471264445
3 0.49425287356321873 0.8383620689655176 0.10919540229885136 0.22557471264367837
3 0.37643678160919536 0.7988505747126436 0.1695402298850575 0.2758620689655173
3 0.2701149425287359 0.7320402298850573 0.1580459770114944 0.38074712643678227
3 0.10704022988505801 0.6465517241379308 0.19396551724137923 0.40804597701149414
