3 0.10272988505747119 0.6084770114942529 0.1968390804597702 0.30316091954022995
3 0.27586206896551724 0.7765804597701148 0.20977011494252878 0.33189655172413796
3 0.48275862068965525 0.7054597701149423 0.18390804597701155 0.2614942528735632
3 0.6752873563218391 0.8570402298850575 0.1695402298850575 0.2658045977011494
3 0.4382183908045977 0.9260057471264368 0.18678160919540232 0.14511494252873575
3 0.7227011494252875 0.5739942528735631 0.16091954022988517 0.2859195402298852
3 0.7988505747126436 0.32112068965517226 0.1724137931034483 0.2744252873563217
3 0.5689655172413797 0.4367816091954019 0.17241379310344826 0.24712643678160917
3 0.3922413793103457 0.45474137931034475 0.19827586206896503 0.3002873563218389
3 0.8829022988505745 0.7227011494252873 0.16810344827586207 0.26149425287356315
3 0.8204022988505748 0.9195402298850576 0.18103448275862072 0.16091954022988503
3 0.9030172413793103 0.09770114942528735 0.1853448275862069 0.1896551724137931
3 0.6479885057471264 0.16594827586206898 0.16954022988505751 0.27729885057471265
3 0.4640804597701148 0.14080459770114942 0.1839080459770115 0.27011494252873564
3 0.2176724137931035 0.29382183908045983 0.1997126436781609 0.3002873563218391
3 0.3175287356321833 0.06465517241379312 0.1896551724137931 0.1235632183908046
3 0.9389367816090957 0.4935344827586222 0.11925287356321836 0.2571839080459769
