4 0.7952586206896551 0.15229885057471257 0.2025862068965517 0.1436781609195401
4 0.6027298850574713 0.14942528735632177 0.19396551724137934 0.13505747126436787
4 0.4166666666666668 0.15229885057471257 0.1954022988505747 0.13505747126436773
4 0.22988505747126445 0.14942528735632177 0.17528735632183895 0.1321839080459769
4 0.2169540229885058 0.27586206896551735 0.18965517241379318 0.11494252873563227
4 0.40876436781609204 0.28017241379310354 0.18821839080459768 0.11781609195402311
4 0.5933908045977011 0.2765804597701149 0.1839080459770115 0.11925287356321831
4 0.7816091954022989 0.2693965517241379 0.19827586206896555 0.11925287356321831
4 0.7887931034482759 0.38433908045977017 0.21264367816091956 0.125
4 0.5926724137931034 0.3936781609195402 0.17672413793103448 0.10919540229885058
4 0.40445402298850575 0.39942528735632177 0.1910919540229885 0.10919540229885058
4 0.21479885057471257 0.3943965517241379 0.182471264367816 0.12212643678160909
4 0.21767241379310356 0.5165229885057471 0.19396551724137936 0.11925287356321838
4 0.22126436781609185 0.6415229885057471 0.19827586206896555 0.11063218390804597
4 0.20617816091954017 0.7586206896551724 0.1910919540229885 0.11206896551724138
4 0.3929597701149426 0.7528735632183908 0.18247126436781613 0.12068965517241377
4 0.41163793103448276 0.6300287356321839 0.18534482758620682 0.11350574712643677
4 0.40804597701149437 0.5222701149425288 0.1867816091954022 0.11063218390804595
4 0.5919540229885062 0.5107758620689654 0.18103448275862052 0.1192528735632186
4 0.7852011494252873 0.5114942528735632 0.19396551724137936 0.12356321839080465
4 0.7823275862068966 0.6357758620689655 0.20258620689655174 0.11063218390804601
4 0.5869252873563219 0.6300287356321839 0.17097701149425285 0.11637931034482754
4 0.584051724137931 0.7514367816091954 0.19396551724137934 0.1293103448275862
4 0.7772988505747127 0.7593390804597702 0.1982758620689653 0.13362068965517232
4 0.785919540229885 0.8864942528735632 0.20114942528735633 0.12356321839080461
4 0.5948275862068966 0.8793103448275861 0.18103448275862072 0.13793103448275862
4 0.40876436781609204 0.8821839080459771 0.1853448275862069 0.132183908045977
4 0.21336206896551707 0.8857758620689655 0.18534482758620682 0.12212643678160923
