3 0.9058908045977011 0.29238505747126436 0.1623563218390805 0.18247126436781613
3 0.7363505747126438 0.223419540229885 0.1795977011494253 0.21695402298850575
3 0.6070402298850575 0.2018678160919541 0.18534482758620688 0.19396551724137936
3 0.5007183908045977 0.33692528735632177 0.21982758620689627 0.21695402298850586
3 0.4683908045977012 0.6795977011494256 0.18965517241379304 0.2586206896551724
3 0.6091954022988507 0.9008620689655171 0.22126436781609227 0.18103448275862072
3 0.5883620689655171 0.7126436781609193 0.15373563218390807 0.20689655172413793
3 0.548132183909617 0.5007183908046211 0.22557471264367826 0.1997126436781609
3 0.6824712643678162 0.364942528735632 0.1954022988505747 0.15517241379310331
3 0.6616379310344837 0.548850574712644 0.18247126436781605 0.16091954022988503
3 0.7076149425287352 0.6968390804597697 0.1681034482758621 0.15804597701149434
3 0.787356321839086 0.532327586206897 0.1695402298850575 0.16522988505747116
3 0.8146551724137929 0.3714080459770116 0.18678160919540235 0.14224137931034478
3 0.8304597701149421 0.6982758620689653 0.1752873563218391 0.17241379310344832
3 0.8189655172413796 0.892241379310345 0.19827586206896547 0.18103448275862064
