3 0.6537356321839081 0.7370689655172413 0.3017241379310345 0.2097701149425287
3 0.8448275862068965 0.6264367816091951 0.24712643678160937 0.15229885057471282
3 0.6889367816091954 0.49784482758620685 0.2830459770114943 0.23706896551724135
3 0.6530172413793105 0.32040229885057503 0.3491379310344825 0.19827586206896552
3 0.8139367816091955 0.32614942528735635 0.018678160919540224 0.005747126436781542
3 0.4044540229885051 0.2334770114942529 0.30890804597701194 0.18821839080459807
3 0.14583333333333356 0.23922413793103461 0.27155172413793094 0.1997126436781609
3 0.4920977011494253 0.860632183908046 0.2255747126436782 0.20114942528735633
3 0.27945402298850563 0.8089080459770115 0.22844827586206898 0.12068965517241383
3 0.9001436781609196 0.5244252873563219 0.1795977011494253 0.24137931034482754
